94
94
87
72
94
97
85
76
94
87
78
80
94
78
90
92
78
84
81
99
90
78
89
84
94
72
93
92
96
90
90
92
92
94
81
93
96
88
92
91
94
95
90
85
90
90
83
92
94
78
94
95
92
95
80
93
89
90
93
87
93
75
64
82
94
88
95
90
90
83
76
85
89
83
84
64
83
84
87
84
83
93
96
80
96
95
90
98
86
78
92
91
89
90
98
97
82
73
93
69
71
75
76
76
74
75
84
77
84
72
88
61
82
68
76
92
72
87
84
93
91
70
83
82
93
80
72
96
73
83
93
90
83
85
93
91
90
94
93
86
90
97
79
74
86
97
88
80
81
98
76
86
67
79
95
95
85
71
95
71
94
84
72
82
81
84
81
85
88
83
82
87
83
81
86
78
72
84
75
85
76
79
59
79
86
63
58
90
69
86
90
86
86
79
76
75
72
90
80
82
66
77
77
83
70
84
85
84
75
71
68
65
65
76
63
86
78
87
78
62
72
76
91
91
90
82
75
78
85
76
86
84
62
93
92
66
78
84
83
82
84
83
90
79
86
90
88
86
85
94
81
86
80
92
78
90
87
80
80
95
90
95
90
76
95
95
76
91
97
77
93
94
75
94
96
86
84
79
75
94
77
75
83
75
82
80
80
75
83
64
84
77
77
76
85
75
68
82
75
83
72
80
85
70
75
71
82
75
61
75
