95
97
82
58
51
83
77
33
71
95
49
68
70
95
95
74
49
95
95
77
89
61
95
73
79
95
95
66
93
95
95
95
78
95
95
66
95
95
52
75
85
95
52
60
95
95
74
77
95
95
92
95
95
88
83
95
95
74
83
58
67
88
82
82
96
86
95
86
85
95
80
92
76
76
82
86
82
80
49
95
95
76
73
95
73
95
95
91
95
81
66
95
81
95
95
95
98
95
94
62
93
90
83
95
95
77
95
95
81
79
95
57
80
89
90
95
64
76
95
74
95
82
74
62
81
78
95
95
93
70
68
92
51
95
54
96
95
89
95
71
81
93
92
56
95
53
89
95
55
49
95
95
67
88
90
53
84
63
78
94
95
66
95
66
79
82
76
87
68
65
77
86
84
84
91
95
95
97
87
95
95
95
88
95
93
95
96
71
95
87
